regiao;estado;DateRep;Cases;cum-Cases;Deaths;cum-Deaths
Norte;RO;2020-03-20;1;1;0;0
Norte;RO;2020-03-21;0;1;0;0
Norte;RO;2020-03-22;2;3;0;0
Norte;RO;2020-03-23;0;3;0;0
Norte;RO;2020-03-24;0;3;0;0
Norte;RO;2020-03-25;2;5;0;0
Norte;RO;2020-03-26;0;5;0;0
Norte;RO;2020-03-27;1;6;0;0
Norte;RO;2020-03-28;0;6;0;0
Norte;RO;2020-03-29;0;6;0;0
Norte;RO;2020-03-30;0;6;0;0
Norte;RO;2020-03-31;2;8;1;1
Norte;RO;2020-04-01;1;9;0;1
Norte;RO;2020-04-02;1;10;0;1
Norte;RO;2020-04-03;0;10;0;1
Norte;RO;2020-04-04;1;11;0;1
Norte;RO;2020-04-05;1;12;0;1
Norte;RO;2020-04-06;2;14;0;1
Norte;RO;2020-04-07;4;18;0;1
Norte;RO;2020-04-08;0;18;0;1
Norte;RO;2020-04-09;10;28;1;2
Norte;RO;2020-04-10;4;32;0;2
Norte;RO;2020-04-11;1;33;0;2
Norte;RO;2020-04-12;2;35;0;2
Norte;RO;2020-04-13;7;42;0;2
Norte;RO;2020-04-14;22;64;0;2
Norte;RO;2020-04-15;5;69;0;2
Norte;RO;2020-04-16;7;76;1;3
Norte;RO;2020-04-17;16;92;0;3
Norte;RO;2020-04-18;18;110;0;3
Norte;RO;2020-04-19;18;128;1;4
Norte;RO;2020-04-20;32;160;0;4
Norte;RO;2020-04-21;39;199;0;4
Norte;RO;2020-04-22;24;223;1;5
Norte;RO;2020-04-23;27;250;0;5
Norte;RO;2020-04-24;40;290;0;5
Norte;RO;2020-04-25;38;328;2;7
Norte;RO;2020-04-26;36;364;3;10
Norte;RO;2020-04-27;29;393;0;10
Norte;RO;2020-04-28;20;413;1;11
Norte;RO;2020-04-29;20;433;4;15
